-20.0
-19.5
-20.0
-20.0
-20.0
-20.166666666666668
-20.285714285714285
-20.375
-20.444444444444443
-20.4
-20.454545454545453
-20.416666666666668
-20.384615384615383
-20.428571428571427
-20.466666666666665
-20.5
-20.529411764705884
-20.555555555555557
-20.526315789473685
-20.45
-20.428571428571427
-20.454545454545453
-20.434782608695652
-20.375
-20.28
-20.307692307692307
-20.333333333333332
-20.357142857142858
-20.379310344827587
-20.366666666666667
-20.35483870967742
-20.375
-20.393939393939394
-20.41176470588235
-20.4
-20.38888888888889
-20.405405405405407
-20.394736842105264
-20.41025641025641
-20.425
-20.4390243902439
-20.404761904761905
-20.41860465116279
-20.431818181818183
-20.444444444444443
-20.434782608695652
-20.404255319148938
-20.395833333333332
-20.408163265306122
-20.42
-20.431372549019606
-20.442307692307693
-20.452830188679247
-20.444444444444443
-20.436363636363637
-20.446428571428573
-20.43859649122807
-20.448275862068964
-20.440677966101696
-20.416666666666668
-20.42622950819672
-20.419354838709676
-20.41269841269841
-20.40625
-20.415384615384614
-20.424242424242426
-20.432835820895523
-20.441176470588236
-20.420289855072465
-20.428571428571427
-20.422535211267604
-20.416666666666668
-20.410958904109588
-20.405405405405407
-20.413333333333334
-20.42105263157895
-20.415584415584416
-20.41025641025641
-20.39240506329114
-20.4
-20.382716049382715
-20.365853658536587
-20.36144578313253
-20.36904761904762
-20.376470588235293
-20.38372093023256
-20.367816091954023
-20.375
-20.370786516853933
-20.366666666666667
-20.373626373626372
-20.380434782608695
-20.387096774193548
-20.393617021276597
-20.389473684210525
-20.375
-20.371134020618555
-20.346938775510203
-20.343434343434343
-20.35
-20.34
-20.36
-20.33
-20.3
-20.3
-20.26
-20.25
-20.22
-20.19
-20.17
-20.14
-20.14
-20.11
-20.07
-20.04
-19.98
-19.93
-19.89
-19.85
-19.83
-19.81
-19.77
-19.75
-19.71
-19.7
-19.63
-19.56
-19.49
-19.43
-19.38
-19.34
-19.29
-19.27
-19.22
-19.17
-19.15
-19.02
-18.95
-18.88
-18.81
-18.74
-18.7
-18.66
-18.62
-18.58
-18.52
-18.49
-18.43
-18.32
-18.19
-18.09
-17.96
-17.86
-17.77
-17.72
-17.57
-17.54
-17.47
-17.39
-17.25
-17.17
-17.14
-17.07
-16.99
-16.88
-16.79
-16.7
-16.6
-16.56
-16.45
-16.29
-16.25
-16.15
-15.98
-15.84
-15.68
-15.56
-15.48
-15.39
-15.25
-15.15
-15.06
-14.95
-14.81
-14.7
-14.62
-14.55
-14.43
-14.29
-14.21
-14.12
-14.02
-13.9
-13.79
-13.63
-13.52
-13.37
-13.3
-13.14
-13.05
-12.94
-12.88
-12.8
-12.71
-12.64
-12.43
-12.3
-12.25
-12.13
-12.02
-11.89
-11.75
-11.64
-11.55
-11.41
-11.36
-11.27
-11.14
-11.07
-10.96
-10.87
-10.67
-10.58
-10.5
-10.35
-10.23
-10.17
-10.17
-10.06
-10.0
-9.9
-9.8
-9.62
-9.55
-9.38
-9.3
-9.24
-9.18
-9.12
-8.94
-8.81
-8.6
-8.49
-8.42
-8.36
-8.26
-8.09
-7.99
-7.93
-7.87
-7.82
-7.73
-7.64
-7.51
-7.42
-7.33
-7.21
-7.06
-7.02
-7.0
-6.84
-6.6
-6.43
-6.26
-6.17
-6.02
-5.83
-5.66
-5.45
-5.25
-5.12
-4.84
-4.72
-4.64
-4.55
-4.42
-4.36
-4.2
-4.05
-3.87
-3.71
-3.62
-3.49
-3.51
-3.31
-3.09
-2.9
-2.78
-2.62
-2.51
-2.3
-2.14
-2.06
-1.92
-1.78
-1.77
-1.69
-1.51
-1.41
-1.18
-1.02
-0.85
-0.73
-0.55
-0.33
-0.28
-0.09
0.18
0.35
0.46
0.65
0.76
0.91
1.1
1.2
1.37
1.53
1.59
1.78
1.93
2.07
2.17
2.28
2.42
2.57
2.73
2.89
3.1
3.25
3.44
3.62
3.81
3.84
4.1
4.18
4.34
4.46
4.66
4.8
4.92
5.07
5.1
5.29
5.45
5.57
5.67
5.75
5.8
5.93
5.98
6.15
6.22
6.36
6.44
6.64
6.73
6.87
6.95
7.12
7.27
7.34
7.37
7.45
7.45
7.51
7.62
7.68
7.73
7.75
7.71
7.7
7.63
7.68
7.7
7.81
7.85
8.0
8.11
8.12
8.12
8.2
8.27
8.36
8.48
8.4
8.4
8.42
8.52
8.46
8.57
8.62
8.71
8.87
8.95
8.96
9.13
9.23
9.27
9.35
9.27
9.34
9.41
9.49
9.53
9.56
9.61
9.59
9.57
9.58
9.67
9.67
9.67
9.73
9.76
9.84
9.88
9.91
10.0
10.01
10.06
10.12
10.11
10.22
10.27
10.3
10.21
10.25
10.23
10.27
10.3
10.33
10.28
10.4
10.39
10.42
10.42
10.48
10.48
10.57
10.42
10.42
10.49
10.38
10.4
10.52
10.54
10.59
10.68
10.75
10.85
10.86
10.88
10.81
10.8
10.74
10.75
10.78
10.79
10.83
10.75
10.73
10.76
10.77
10.81
10.87
10.85
10.82
10.77
10.68
10.67
10.72
10.75
10.84
10.93
10.86
10.85
10.8
10.8
10.89
10.94
10.92
11.02
10.96
11.04
11.12
11.08
11.17
11.18
11.26
11.36
11.31
11.31
11.18
11.11
11.14
11.18
11.18
11.2
11.22
11.27
11.28
11.29
11.32
11.28
11.32
11.33
11.35
11.36
11.36
11.36
11.36
11.47
11.46
11.42
11.44
11.44
11.48
11.5
11.51
11.49
11.52
11.46
11.43
11.48
11.44
11.56
11.58
11.69
11.66
11.67
11.59
11.61
11.63
11.62
11.58
11.67
11.68
11.66
11.65
11.78
11.77
11.71
11.85
11.95
12.0
12.05
12.03
12.12
12.1
12.13
12.12
12.15
12.19
12.21
12.27
12.28
12.26
12.3
12.28
12.37
12.44
12.48
12.48
12.52
12.52
12.54
12.55
12.61
12.72
12.73
12.76
12.84
12.72
12.73
12.81
12.81
12.86
12.77
12.75
12.65
12.66
12.63
12.64
12.66
12.64
12.72
12.66
12.65
12.7
12.62
12.61
12.6
12.72
12.79
12.75
12.77
12.77
12.77
12.69
12.72
12.69
12.71
12.75
12.78
12.72
12.7
12.69
12.69
12.72
12.72
12.67
12.59
12.58
12.65
12.6
12.62
12.54
12.52
12.48
12.44
12.46
12.52
12.57
12.48
12.52
12.45
12.43
12.42
12.45
12.45
12.49
12.53
12.52
12.5
12.58
12.55
12.56
12.61
12.63
12.58
12.59
12.63
12.61
12.61
12.57
12.56
12.58
12.5
12.54
12.55
12.54
12.56
12.63
12.65
12.7
12.69
12.71
12.64
12.65
12.68
12.55
12.43
12.43
12.46
12.51
12.51
12.48
12.56
12.61
12.69
12.65
12.6
12.67
12.55
12.54
12.64
12.61
12.72
12.54
12.61
12.62
12.66
12.66
12.67
12.71
12.76
12.75
12.75
12.72
12.71
12.76
12.82
12.81
12.78
12.83
12.8
12.73
12.73
12.77
12.8
12.8
12.81
12.78
12.77
12.82
12.82
12.87
12.88
12.8
12.79
12.82
12.87
12.88
12.76
12.8
12.76
12.82
12.79
12.84
12.88
12.82
12.83
12.82
12.91
12.88
12.9
12.83
12.85
12.85
12.79
12.83
12.81
12.75
12.77
12.67
12.71
12.64
12.63
12.56
12.63
12.59
12.64
12.65
12.56
12.61
12.69
12.67
12.71
12.68
12.67
12.77
12.79
12.76
12.75
12.66
12.66
12.62
12.64
12.68
12.69
12.79
12.87
12.83
12.85
12.85
12.82
12.87
12.83
12.78
12.79
12.81
12.81
12.76
12.85
12.89
12.78
12.82
12.83
13.04
13.02
12.97
12.9
12.98
12.99
12.99
12.97
13.03
12.98
12.97
12.98
12.9
12.86
12.85
12.87
12.68
12.67
12.73
12.69
12.68
12.7
12.7
12.72
12.71
12.77
12.79
12.81
12.76
12.76
12.82
12.78
12.79
12.77
12.73
12.75
12.76
12.8
12.77
12.82
12.88
12.9
12.95
12.99
12.96
12.91
12.91
12.92
13.01
13.01
12.98
13.01
13.01
13.0
13.07
13.05
13.09
13.05
12.96
12.95
13.06
13.02
12.9
12.87
12.84
12.9
12.85
12.76
12.82
12.74
12.71
12.65
12.53
12.47
12.51
12.52
12.41
12.42
12.48
12.51
12.47
12.43
12.43
12.45
12.55
12.51
12.49
12.39
12.44
12.46
12.47
12.48
12.46
12.47
12.47
12.48
12.45
12.42
12.45
12.45
12.43
12.41
12.42
12.47
12.49
12.49
12.5
12.41
12.3
12.28
12.3
12.29
12.43
12.47
12.51
12.47
12.66
12.63
12.55
12.59
12.6
12.61
12.58
12.6
12.61
12.54
12.49
12.49
12.51
12.42
12.42
12.47
12.43
12.47
12.5
12.52
12.51
12.57
12.61
12.52
12.42
12.44
12.45
12.32
12.36
12.35
12.39
12.4
12.41
12.36
12.41
12.42
12.41
12.42
12.4
12.44
12.51
12.53
12.6
12.56
12.5
12.51
12.71
12.65
12.68
12.66
12.67
12.65
12.63
12.68
12.69
12.72
12.77
12.79
12.77
12.84
13.01
13.02
12.93
12.87
12.9
12.88
12.86
12.83
12.73
12.68
12.66
12.79
12.75
12.69
12.62
12.66
12.63
12.65
12.72
12.75
12.78
12.84
12.82
12.71
12.68
12.72
12.56
12.61
12.61
12.65
12.63
12.7
12.69
12.72
12.65
12.66
12.59
12.54
12.56
12.63
12.63
12.69
12.77
12.79
12.83
12.8
