1160
2265
3029
3972
4921
5745
6565
7389
8305
9202
9966
11166
12203
13014
13840
14692
15503
16446
17376
18435
19341
20182
21353
22318
23374
24226
24990
26026
26809
27689
28730
29550
30495
31338
32265
33136
33978
34898
35756
36580
37464
38463
39315
40196
40988
41934
42970
43873
44757
45569
46422
47332
48158
49103
49941
50771
51641
52485
53467
54693
55577
56659
57562
58584
59742
60856
61849
62825
63992
64986
66028
66988
68090
69312
70381
71355
72832
74035
75166
76172
77228
78650
79882
81133
82472
83601
84722
85876
86989
88154
89219
90226
91112
92319
93683
95155
96426
97909
99644
101027
102302
103615
105344
107003
108445
110383
111870
113636
115281
116911
118593
119928
122077
123794
125672
127531
129114
131084
132961
135127
137452
139545
141832
144461
146943
150009
152396
155379
158612
161328
163628
166417
169432
172816
175566
177829
180827
183324
185924
188501
191359
193753
196262
198402
201482
204592
207152
210128
212884
215471
217988
220478
222927
225620
227667
230975
232772
235490
238255
241443
244205
246430
248902
251663
254289
256433
258785
261181
263440
266218
269306
271664
274370
277509
280666
284106
286878
289021
291538
294473
297786
300487
302966
306249
308915
311446
313812
316534
319640
321801
323916
326321
329049
331573
334608
337257
340308
342692
345942
348291
351178
353793
356220
358865
361082
364038
366899
369459
372350
375439
378961
381959
385284
388494
391761
394464
397363
401162
403697
407290
409788
414125
417458
420440
424149
427961
431042
433111
436212
439759
443253
446450
450517
453461
457002
459985
463381
466798
469870
473242
477204
480580
483756
486691
489540
493700
497608
500901
503951
507713
510587
514440
518141
521814
524564
527404
530208
533583
536643
539963
543116
546122
549309
552735
556085
559349
562648
565718
568864
571322
574203
576705
579893
582986
585942
588619
591815
594935
597917
600198
603018
606981
609871
612701
615140
618000
621079
624245
626894
631023
634004
636629
640199
643389
645761
648752
651993
654836
657922
660718
663663
666504
670239
673104
675771
678431
681099
683233
686225
689481
691837
695039
697598
700049
702804
705674
708631
712080
714532
717178
720054
722649
725647
728279
730773
733183
735679
738632
741202
743848
746244
748456
751601
753591
756045
759109
761959
764171
767005
769055
771231
773803
776136
778861
781907
784569
787317
790376
792806
795596
798009
800605
802850
805226
807398
809635
812110
814658
817149
819657
822128
824597
827041
829799
832969
835120
837240
839790
842316
845191
847539
850351
853312
856106
858519
861031
863327
865552
868202
870600
872978
875974
878073
881040
884031
886640
889228
891345
894387
897128
899221
901493
903525
905680
907950
910381
912854
915429
917535
920685
922716
925333
927969
930085
932472
934656
937153
939588
942327
944964
947261
950073
952407
954517
956899
959115
961478
963897
966287
968455
970787
973381
975516
977680
979661
982362
984905
987484
989664
992105
994345
997105
999290
1001312
1003941
1006751
1008813
1011096
1013135
1016260
1018622
1020554
1023954
1026569
1028866
1031494
1033598
1036215
1038274
1040670
1042955
1045501
1048262
1051099
1053878
1056216
1058663
1061155
1063357
1066049
1068734
1070944
1073106
1075876
1078142
1080433
1082925
1085923
1089162
1091878
1094062
1096665
1098757
1100852
1103407
1105682
1108443
1110659
1113058
1115058
1117637
1119820
1122701
1125138
1127745
1130405
1132358
1134637
1136948
1138696
1141169
1143325
1146504
1149232
1151539
1153719
1155998
1158396
1160502
1163492
1165830
1168431
1170748
1173800
1176034
1178392
1180678
1183077
1185260
1187721
1190163
1192221
1194329
1197041
1199042
1201537
1203459
1205748
1208269
1210716
1213238
1216315
1219002
1221159
1223494
1225417
1227658
1229806
1232238
1234490
1237284
1239844
1241893
1244173
1246736
1249145
1251112
1253625
1256056
1258134
1260489
1263310
1265373
1267483
1269328
1271776
1274108
1276002
1278207
1280328
1282708
1285185
1287748
1290234
1292362
1294515
1297133
1299626
1302310
1304778
1306895
1308919
1311329
1313572
1315954
1318242
1320720
1323085
1325586
1328601
1330813
1332769
1335741
1337717
1339814
1342670
1344912
1347670
1350006
1352946
1355367
1357794
1360529
1362766
1365420
1367785
1370435
1372658
1374501
1376951
1379491
1381966
1384300
1386756
1389047
1391195
1393487
1395622
1398197
1400898
1403470
1405958
1407978
1410409
1413141
1415518
1417649
1419766
1421847
1424293
1426795
1429587
1432058
1434017
1436422
1438732
1441410
1443828
1446665
1449304
1451451
1454001
1456251
1458569
1460712
1463240
1465617
1468133
1470314
1472767
1475335
1477637
1479870
1482279
1484647
1486759
1488724
1490865
1492963
1495628
1497837
1500193
1502419
1504487
1507118
1509425
1511639
1514119
1516129
1518040
1520831
1523141
1525306
1527758
1529651
1531977
1534344
1537229
1539683
1542144
1545112
1548065
1550342
1552523
1554559
1556787
1559487
1561325
1563691
1565927
1568346
1570690
1572993
1575811
1578015
1579719
1582180
1584064
1586725
1589254
1591326
1593367
1595909
1598176
1600792
1602839
1605329
1607641
1609805
1612146
1614314
1616172
1618761
1621443
1623642
1625853
1628635
1630891
1633223
1635593
1637942
1640152
1642317
1644981
1647265
1649727
1651830
1654203
1656536
1659218
1661823
1664058
1666275
1669219
1671183
1673775
1676067
1678895
1681171
1683735
1686852
1689238
1691657
1693621
1695704
1697923
1700898
1702843
1705089
1707823
1710036
1712530
1714922
1717087
1719879
1722091
1724521
1726650
1729246
1731652
1734478
1736785
1738740
1741951
1744037
1745998
1748344
1750451
1752891
1754871
1756677
1758692
1760931
1763795
1766476
1768831
1771481
1774051
1776092
1778025
1780270
1782422
1784964
1787158
1789382
1791616
1793873
1796245
1798532
1800691
1802960
1805354
1808191
1810316
1812410
1815186
1817528
1819893
1821841
1824537
1827097
1829894
1832191
1834352
1836783
1838817
1840682
1843205
1845318
1848083
1850995
1853128
1855292
1857462
1860449
1862776
1865100
1867572
1870036
1872426
1874729
1876817
1879257
1881211
1883229
1885489
1887568
1889941
1892261
1895097
1897504
1900345
1903105
1905775
1908145
1910384
1912848
1915155
1917058
1919138
1921147
1923091
1925442
1927867
1930109
1932522
1934608
1936608
1939122
1941434
1943506
1945893
1947868
1950215
1952796
1954898
1957705
1959947
1961686
1964012
1967027
1969316
1971931
1974334
1977003
1979692
1981634
1984416
1986652
1989495
1992036
1994410
1996740
1999189
2002133
2004549
2006832
2009093
2011248
2013804
2016169
2018337
2020280
2022562
2025005
2028202
2030240
2032242
2034725
2037099
2039242
2041421
2044045
2046303
2048471
2051102
2053044
2055006
2057418
2059814
2062044
2064282
2066468
2068553
2070903
2073428
2076256
2078960
2081127
2083297
2085032
2086840
2089207
2091892
2094087
2096659
2099609
2101793
2104345
2106388
2108776
2110684
2112803
2115078
2117636
2119718
2121940
2124970
2127491
2129929
2132519
2134705
2137056
2139512
2141419
2143442
2145708
2148404
2151114
2153179
2155199
2158097
2160096
2162420
2164646
2166718
2168828
2171293
2173232
2175545
2177589
2180063
2182156
2184094
2185886
2188294
2190717
2193317
2195518
2197814
2199870
2202327
2204472
2206757
2208963
2211568
2213618
2215809
2218101
2220243
2222327
2224388
2226715
2228632
2230818
2233187
2235948
2238623
2241162
2243644
2246285
2248715
2251300
2253969
2256455
2258592
2260714
2263321
2266419
2268276
2270993
2273186
2275449
2277273
2279144
2281360
2283428
2286144
2288402
2290735
2293530
2295366
2297307
2299185
2301619
2303888
2306742
2309456
2312052
2314371
2316700
2319275
2321301
2323510
2325785
2328176
2330536
2332585
2334663
2336850
