396.0
352.0
454.6666666666667
462.0
466.4
410.6666666666667
396.0
379.5
366.6666666666667
356.4
336.0
348.3333333333333
358.7692307692308
361.42857142857144
360.8
363.0
354.5882352941176
349.55555555555554
345.05263157894734
334.4
324.76190476190476
314.0
308.0
304.3333333333333
302.72
308.0
312.8888888888889
311.14285714285717
312.55172413793105
316.8
326.4516129032258
327.25
333.3333333333333
337.7647058823529
335.65714285714284
333.6666666666667
335.35135135135135
330.0
332.8205128205128
331.1
331.609756097561
328.95238095238096
327.4418604651163
326.0
327.55555555555554
334.7826086956522
333.27659574468083
336.4166666666667
336.734693877551
334.4
339.05882352941177
342.6923076923077
340.37735849056605
336.51851851851853
336.8
334.7142857142857
331.9298245614035
333.7931034482759
337.8305084745763
343.2
342.62295081967216
341.35483870967744
345.015873015873
343.0625
341.16923076923075
341.3333333333333
344.1194029850746
342.29411764705884
340.5217391304348
341.3142857142857
343.32394366197184
345.27777777777777
343.56164383561645
343.0810810810811
344.37333333333333
342.1578947368421
340.57142857142856
340.71794871794873
342.53164556962025
344.85
348.74074074074076
348.780487804878
346.69879518072287
345.1904761904762
346.3058823529412
352.1860465116279
355.2183908045977
358.6818181818182
362.0674157303371
362.44444444444446
360.8791208791209
363.17391304347825
363.5268817204301
365.27659574468083
365.13684210526316
364.5416666666667
367.1340206185567
369.2244897959184
370.82828282828285
370.64
373.28
376.36
375.92
376.8
377.68
379.88
380.76
382.96
386.92
390.44
395.72
397.48
399.24
401.88
404.08
405.84
408.04
410.24
414.2
422.36
425.0
431.2
436.04
440.92
444.88
446.64
445.32
449.28
451.92
453.24
451.92
451.92
454.2
452.0
455.96
459.92
462.56
467.4
467.84
474.68
477.76
479.96
482.6
483.04
490.48
490.48
490.92
492.24
497.72
501.24
503.08
503.96
506.16
512.88
513.32
516.84
520.8
521.24
520.36
521.32
529.64
533.16
534.04
536.24
538.88
539.76
542.52
546.92
551.32
555.88
557.64
562.76
566.72
568.48
570.24
577.96
578.4
584.36
586.12
594.16
596.56
599.64
604.48
605.36
604.04
605.96
604.2
600.68
600.68
599.8
604.2
605.08
609.16
613.36
617.88
622.36
622.8
628.0
628.0
630.2
629.76
634.04
634.04
636.84
639.64
644.16
646.8
650.48
654.8
655.72
655.72
652.2
650.88
652.32
654.64
656.48
662.52
663.4
666.76
663.88
664.32
669.6
669.6
668.68
673.0
673.44
680.8
679.92
680.36
681.72
685.4
686.28
686.28
690.24
687.6
687.6
686.28
686.72
688.96
683.0
687.32
690.0
692.28
697.24
695.8
695.8
704.12
705.52
703.12
703.12
698.64
699.56
702.24
700.8
700.36
701.24
701.24
703.0
705.24
704.76
696.0
698.36
699.32
703.44
709.52
708.64
703.24
704.2
703.76
706.64
706.64
704.24
703.8
710.36
715.6
712.28
717.2
711.24
715.56
712.68
712.2
711.76
711.32
714.84
715.28
712.88
713.32
717.32
720.68
724.2
726.12
722.16
721.2
720.24
717.48
715.2
715.2
710.44
710.88
712.24
712.24
707.96
712.24
708.12
706.2
705.24
704.8
703.84
701.44
700.08
701.52
708.88
715.48
716.92
717.88
716.04
718.92
719.8
717.88
714.36
716.56
711.76
709.12
708.24
703.92
703.92
698.76
700.6
705.4
706.84
704.92
708.08
709.52
709.08
714.12
714.6
716.4
716.4
718.8
721.88
717.56
717.56
715.28
713.4
707.84
707.84
710.24
709.76
710.24
711.6
717.04
718.96
715.4
715.4
718.48
719.44
719.44
720.4
718.6
722.44
728.32
733.12
732.16
729.36
721.96
723.28
726.8
724.52
727.84
719.96
719.96
719.0
719.88
722.28
718.92
721.76
720.36
723.44
721.52
717.68
717.2
718.12
725.28
724.4
731.8
726.84
731.48
734.84
732.92
736.28
735.32
739.76
739.28
737.84
739.16
745.76
750.56
751.0
754.76
757.16
758.08
758.52
757.56
765.52
767.44
766.96
767.4
769.8
772.2
778.36
779.32
775.48
771.16
767.84
766.88
767.32
763.48
763.48
761.16
767.56
766.68
765.72
775.08
778.8
785.04
781.08
778.88
783.68
781.28
781.28
782.24
785.6
784.16
784.6
794.6
797.48
798.92
797.6
800.96
805.76
804.44
807.32
807.76
808.2
815.2
818.56
812.8
826.28
831.08
830.6
828.68
827.72
835.12
841.84
841.84
843.76
849.44
850.4
855.56
851.24
852.68
852.2
856.04
856.92
860.0
864.16
864.6
871.68
872.16
890.24
895.52
895.52
895.52
888.8
893.6
893.12
895.0
898.36
896.44
896.0
899.84
899.36
899.84
904.56
904.08
907.6
908.08
910.0
909.52
905.28
906.24
908.64
908.2
907.72
907.28
900.24
901.68
908.4
906.48
906.48
906.48
909.84
906.96
915.16
915.16
921.4
928.12
924.76
920.44
917.56
915.16
912.08
916.88
924.52
924.52
926.4
925.92
925.48
926.36
931.72
934.52
939.32
932.6
932.6
932.6
937.52
947.76
947.28
950.64
954.0
959.28
954.96
959.28
962.64
955.04
958.88
956.96
962.6
960.2
957.8
963.92
967.76
965.12
965.6
960.8
957.44
958.88
950.68
945.88
948.28
948.76
947.32
945.88
944.92
951.16
952.6
950.68
953.56
949.72
949.72
953.56
954.52
954.04
958.36
961.72
958.88
958.88
959.84
956.48
948.68
944.84
949.16
951.56
956.84
952.04
950.12
955.4
952.04
953.0
955.84
952.0
954.4
952.96
951.04
951.04
955.84
957.76
957.76
957.76
965.36
963.44
962.48
964.36
965.32
968.16
984.92
981.08
973.04
983.44
984.4
983.92
987.76
990.64
979.56
981.96
982.44
977.16
977.16
979.56
976.72
976.72
981.24
978.84
974.52
976.44
977.4
975.0
975.44
981.2
983.28
986.16
983.28
997.76
1002.56
997.76
999.68
994.4
994.88
992.96
992.48
986.24
988.16
982.88
984.32
983.84
982.4
982.4
985.28
993.32
996.2
996.68
989.48
999.72
1001.64
1008.84
1016.04
1019.88
1019.88
1019.4
1021.32
1020.84
1028.04
1025.16
1024.68
1018.44
1023.4
1020.08
1022.48
1027.76
1032.56
1027.76
1028.28
1027.8
1028.76
1024.52
1032.16
1043.52
1040.16
1044.96
1044.96
1047.84
1051.76
1051.28
1051.28
1051.76
1058.96
1058.48
1072.96
1081.84
1086.16
1084.72
1086.64
1086.16
1090.0
1088.56
1094.6
1091.72
1085.96
1085.0
1090.68
1097.4
1108.92
1114.68
1120.92
1130.4
1127.8
1132.12
1140.64
1129.76
1133.12
1148.12
1148.12
1151.0
1148.12
1148.12
1147.64
1149.56
1149.56
1149.08
1151.44
1158.64
1163.92
1171.92
1176.24
1185.8
1183.4
1183.4
1198.4
1197.92
1190.0
1188.08
1187.6
1179.84
1178.88
1184.64
1190.0
1195.76
1197.2
1199.6
1200.56
1202.96
1207.76
1211.6
1212.08
1214.96
1211.12
1215.44
1223.24
1213.28
1215.2
1220.24
1221.68
1222.68
1226.04
1224.6
1224.12
1222.68
1221.24
1227.96
1242.84
1248.6
1243.8
1249.08
1247.16
1245.4
1243.32
1250.48
1245.2
1243.28
1245.68
1246.16
1243.72
1243.72
1240.84
1248.44
1241.24
1238.64
1240.56
1237.2
1234.32
1230.0
1226.08
1238.64
1238.64
1239.12
1238.64
1234.32
1225.6
1220.56
1218.64
1224.4
1224.88
1223.92
1218.16
1222.96
1215.96
1223.88
1231.08
1231.08
1225.88
1219.64
1209.56
1207.64
1200.44
1195.76
1191.6
1192.08
1192.08
1198.32
1198.32
1183.32
1186.96
1183.12
1190.32
1186.0
1185.52
1184.56
1191.28
1196.56
1196.08
1197.12
1196.64
1190.56
1185.76
1179.08
1186.28
1186.76
1180.52
1179.56
1182.44
1186.76
1192.52
1185.36
1183.44
1182.48
1175.2
1181.44
1180.48
1180.0
1181.44
1186.24
1186.24
1183.84
1180.0
1172.36
1175.24
1177.16
1164.08
1176.64
1183.4
1178.36
1184.12
1182.64
1191.88
1199.56
1199.56
1195.24
1196.68
1196.2
1183.72
1206.96
1211.76
1213.68
1210.32
1219.28
1218.8
1220.84
1232.88
1232.4
1232.4
1236.24
1233.36
1236.72
1237.2
1234.8
1254.56
1251.56
1261.28
1267.04
1267.04
1277.36
1288.04
1279.8
1276.44
1274.04
1277.12
1289.16
1283.4
1284.84
1286.76
1294.96
1290.16
1299.28
1299.28
1299.28
1302.64
1294.24
1287.04
1286.6
1286.12
1283.88
1286.28
1280.12
1282.52
1282.52
1277.64
1285.44
1278.24
1286.52
1285.56
1292.76
1281.92
1286.72
1286.72
1300.16
1300.64
1305.44
1302.08
1299.2
1301.6
1292.92
1293.88
1291.48
1289.08
1282.84
1287.52
1299.44
1290.68
1293.56
1295.48
1293.08
1294.12
1309.04
1336.52
1341.64
1347.4
1347.92
1348.88
1352.92
1348.6
1344.28
1344.28
1344.76
1350.52
1356.24
1354.32
1359.96
1357.16
1349.4
1340.72
1343.68
1337.92
1337.92
1329.64
1322.44
1318.6
1319.08
1318.12
1326.36
1326.84
1298.32
1296.88
1294.48
1294.48
1289.2
1293.84
1292.28
1285.52
1283.6
1282.64
1281.68
1285.04
1286.0
1285.04
1287.44
1273.92
1274.88
1262.76
1255.56
1253.64
1243.32
1233.12
1234.08
1238.4
1246.64
1243.08
1233.92
1239.68
1239.2
1239.2
1233.48
1240.2
1233.96
1233.96
1228.68
1222.44
1227.24
1230.12
1232.96
1240.2
1249.16
1248.2
1256.28
1261.08
1266.8
1268.72
1259.48
1273.96
1273.44
1269.6
