396.0
308.0
660.0
484.0
484.0
132.0
308.0
264.0
264.0
264.0
132.0
484.0
484.0
396.0
352.0
396.0
220.0
264.0
264.0
132.0
132.0
88.0
176.0
220.0
264.0
440.0
440.0
264.0
352.0
440.0
616.0
352.0
528.0
484.0
264.0
264.0
396.0
132.0
440.0
264.0
352.0
220.0
264.0
264.0
396.0
660.0
264.0
484.0
352.0
220.0
572.0
528.0
220.0
132.0
352.0
220.0
176.0
440.0
572.0
660.0
308.0
264.0
572.0
220.0
220.0
352.0
528.0
220.0
220.0
396.0
484.0
484.0
220.0
308.0
440.0
176.0
220.0
352.0
484.0
528.0
660.0
352.0
176.0
220.0
440.0
852.0
616.0
660.0
660.0
396.0
220.0
572.0
396.0
528.0
352.0
308.0
616.0
572.0
528.0
352.0
660.0
616.0
616.0
572.0
572.0
352.0
396.0
484.0
660.0
616.0
660.0
660.0
660.0
660.0
572.0
572.0
440.0
484.0
660.0
948.0
396.0
708.0
660.0
708.0
660.0
616.0
308.0
660.0
616.0
572.0
484.0
352.0
756.0
264.0
660.0
660.0
660.0
616.0
484.0
948.0
660.0
440.0
528.0
308.0
1140.0
660.0
308.0
616.0
900.0
572.0
756.0
616.0
440.0
804.0
396.0
572.0
572.0
484.0
484.0
756.0
1140.0
616.0
660.0
440.0
484.0
440.0
804.0
660.0
660.0
852.0
660.0
996.0
616.0
484.0
616.0
948.0
264.0
948.0
660.0
1332.0
900.0
660.0
660.0
308.0
308.0
1044.0
440.0
308.0
660.0
308.0
660.0
660.0
804.0
948.0
804.0
756.0
660.0
1092.0
528.0
572.0
616.0
1044.0
616.0
852.0
852.0
804.0
660.0
852.0
1092.0
708.0
660.0
308.0
528.0
804.0
804.0
756.0
1044.0
572.0
996.0
660.0
440.0
1236.0
660.0
616.0
1092.0
660.0
1044.0
572.0
660.0
708.0
852.0
440.0
756.0
660.0
396.0
660.0
528.0
660.0
708.0
352.0
1092.0
708.0
756.0
804.0
996.0
660.0
1140.0
756.0
660.0
572.0
308.0
708.0
708.0
660.0
352.0
660.0
572.0
660.0
708.0
708.0
264.0
852.0
756.0
852.0
1092.0
352.0
264.0
756.0
616.0
1140.0
660.0
756.0
572.0
1140.0
1140.0
616.0
756.0
352.0
1092.0
1044.0
852.0
616.0
616.0
660.0
352.0
804.0
484.0
708.0
996.0
660.0
852.0
264.0
708.0
852.0
528.0
528.0
660.0
616.0
572.0
708.0
616.0
616.0
1044.0
440.0
660.0
708.0
616.0
756.0
852.0
572.0
804.0
1044.0
1188.0
948.0
900.0
572.0
1332.0
660.0
804.0
308.0
660.0
756.0
396.0
528.0
660.0
660.0
528.0
756.0
1140.0
852.0
660.0
756.0
900.0
616.0
900.0
708.0
708.0
660.0
948.0
660.0
660.0
708.0
528.0
616.0
440.0
660.0
1380.0
708.0
708.0
708.0
852.0
900.0
352.0
660.0
660.0
756.0
572.0
756.0
528.0
1092.0
852.0
1332.0
660.0
572.0
352.0
484.0
616.0
528.0
948.0
352.0
660.0
660.0
660.0
1380.0
804.0
900.0
616.0
660.0
900.0
660.0
804.0
708.0
1332.0
572.0
1092.0
308.0
948.0
1044.0
804.0
996.0
756.0
708.0
660.0
708.0
660.0
1188.0
1140.0
660.0
948.0
948.0
708.0
660.0
948.0
1236.0
852.0
660.0
660.0
996.0
1092.0
1188.0
900.0
660.0
756.0
616.0
804.0
616.0
948.0
660.0
572.0
948.0
572.0
660.0
1332.0
900.0
1284.0
264.0
308.0
1236.0
900.0
852.0
756.0
1092.0
756.0
660.0
1900.0
996.0
852.0
528.0
1284.0
1140.0
528.0
996.0
572.0
660.0
1140.0
996.0
804.0
2056.0
1188.0
660.0
660.0
804.0
1092.0
1332.0
660.0
948.0
1140.0
852.0
1044.0
660.0
996.0
1284.0
1044.0
660.0
660.0
900.0
660.0
1236.0
996.0
2160.0
1188.0
660.0
660.0
708.0
1284.0
852.0
804.0
996.0
708.0
616.0
1188.0
660.0
1380.0
1044.0
1044.0
660.0
996.0
1236.0
756.0
572.0
852.0
948.0
616.0
660.0
616.0
484.0
1284.0
1332.0
756.0
948.0
708.0
996.0
660.0
2056.0
852.0
1284.0
1332.0
660.0
660.0
900.0
660.0
352.0
1236.0
1380.0
804.0
804.0
900.0
616.0
660.0
1484.0
852.0
1140.0
660.0
900.0
1284.0
756.0
1332.0
1188.0
1236.0
1188.0
1284.0
660.0
1188.0
996.0
1140.0
1380.0
660.0
1092.0
1044.0
900.0
1140.0
1380.0
308.0
708.0
660.0
660.0
948.0
1236.0
708.0
900.0
708.0
660.0
948.0
1236.0
1284.0
1092.0
948.0
1140.0
660.0
660.0
1380.0
1380.0
996.0
1092.0
996.0
616.0
660.0
1332.0
660.0
1380.0
804.0
1092.0
900.0
1236.0
804.0
660.0
1332.0
660.0
804.0
900.0
804.0
900.0
1236.0
852.0
1044.0
1140.0
1188.0
1236.0
756.0
1332.0
660.0
852.0
804.0
756.0
900.0
2160.0
900.0
528.0
1796.0
1044.0
660.0
1380.0
948.0
948.0
1092.0
1332.0
804.0
660.0
900.0
616.0
660.0
804.0
996.0
948.0
996.0
900.0
660.0
660.0
1236.0
1692.0
1140.0
852.0
2108.0
1380.0
804.0
948.0
804.0
1236.0
1044.0
1140.0
660.0
852.0
660.0
1140.0
1092.0
1236.0
660.0
1380.0
1848.0
1188.0
1188.0
660.0
1332.0
900.0
1380.0
1380.0
1332.0
1236.0
660.0
1092.0
660.0
1380.0
660.0
1188.0
660.0
1588.0
616.0
1380.0
1188.0
1140.0
900.0
1432.0
948.0
1188.0
572.0
1380.0
1796.0
996.0
1140.0
1380.0
1092.0
1484.0
852.0
1236.0
852.0
1380.0
1284.0
2108.0
1692.0
1332.0
660.0
1092.0
1188.0
1236.0
900.0
1744.0
900.0
660.0
660.0
1900.0
1332.0
2004.0
1380.0
1380.0
1848.0
1900.0
1332.0
1380.0
708.0
1380.0
2160.0
1380.0
1236.0
660.0
1092.0
1284.0
996.0
660.0
852.0
852.0
1380.0
1332.0
1796.0
1380.0
1952.0
660.0
660.0
2160.0
1188.0
900.0
948.0
804.0
1332.0
1284.0
1380.0
1484.0
1380.0
1380.0
1284.0
1236.0
900.0
1332.0
1044.0
1188.0
1380.0
852.0
1092.0
2160.0
852.0
1380.0
1692.0
804.0
1432.0
1236.0
1236.0
1332.0
1188.0
1092.0
1332.0
2580.0
1236.0
900.0
1188.0
996.0
484.0
1380.0
1332.0
852.0
996.0
1380.0
948.0
1188.0
948.0
900.0
1332.0
660.0
1536.0
1188.0
804.0
1092.0
660.0
1092.0
2108.0
1236.0
900.0
1332.0
852.0
1236.0
1188.0
1140.0
1236.0
1140.0
1092.0
660.0
1380.0
1044.0
1692.0
1380.0
660.0
1380.0
708.0
996.0
1188.0
660.0
1380.0
1484.0
1380.0
1380.0
1332.0
1380.0
660.0
1744.0
852.0
1380.0
660.0
1236.0
900.0
1332.0
1380.0
804.0
1484.0
1284.0
1188.0
900.0
1284.0
1380.0
708.0
1536.0
1092.0
1188.0
1380.0
1380.0
616.0
1092.0
1284.0
756.0
2004.0
1284.0
1236.0
1380.0
1380.0
1332.0
804.0
804.0
616.0
1140.0
1284.0
852.0
2108.0
2056.0
1188.0
1380.0
1284.0
2160.0
2004.0
1332.0
756.0
1236.0
1284.0
1332.0
3560.0
1380.0
1380.0
660.0
1380.0
1332.0
1536.0
2056.0
948.0
1380.0
1332.0
900.0
1284.0
948.0
1092.0
2636.0
1236.0
2160.0
1380.0
1092.0
1692.0
2160.0
1284.0
900.0
660.0
1640.0
2056.0
660.0
1332.0
1332.0
2056.0
660.0
2004.0
660.0
1380.0
1380.0
852.0
660.0
616.0
1332.0
484.0
1236.0
572.0
900.0
1380.0
996.0
2160.0
660.0
2160.0
1284.0
1380.0
660.0
1332.0
1380.0
2004.0
1284.0
1380.0
996.0
1092.0
1044.0
616.0
1380.0
948.0
660.0
660.0
1848.0
1900.0
660.0
1380.0
1380.0
1140.0
1484.0
2108.0
3840.0
1796.0
1332.0
2056.0
1380.0
1640.0
948.0
948.0
1332.0
852.0
1380.0
1188.0
948.0
1848.0
572.0
1332.0
1188.0
1484.0
804.0
1284.0
1332.0
1284.0
948.0
804.0
1140.0
2108.0
1380.0
708.0
1236.0
1140.0
660.0
852.0
1796.0
1380.0
1380.0
756.0
1284.0
1236.0
1236.0
1380.0
852.0
1332.0
1284.0
1332.0
948.0
660.0
900.0
660.0
1140.0
1380.0
1332.0
1484.0
1284.0
1140.0
1236.0
1284.0
1332.0
1484.0
1332.0
1380.0
660.0
852.0
756.0
1332.0
948.0
900.0
2056.0
1380.0
1140.0
1380.0
1380.0
1952.0
1188.0
1236.0
2108.0
2108.0
900.0
