1946
3109
4804
6211
7454
8248
9593
10702
11801
12756
13575
15186
16669
17980
19750
21060
22302
24166
25103
25857
26989
28082
29407
30302
31569
33213
34707
36050
37701
38935
40906
42502
44259
45965
47099
48534
50282
51276
52608
53852
55325
56347
57334
58346
59630
61463
62821
64537
66173
67306
68930
71129
72306
73241
74712
75667
76646
78089
79753
81686
82883
83793
85419
86371
87250
88701
90424
91223
92075
93337
94428
95618
96634
97729
98936
100007
100874
102227
103412
104599
106685
107618
108552
109446
110964
113446
114910
116799
118323
119257
120165
121289
122249
123310
124365
125254
126414
127670
128949
129928
130991
132179
133611
134716
135917
136744
137837
138974
140321
141525
142917
144510
145730
146956
148293
149519
150508
151468
152646
154211
155293
157383
158730
160190
161310
162809
164125
165570
166780
167968
169024
169975
171336
172098
173315
174858
176181
177314
178464
180068
181232
182159
183141
183952
185639
186776
187698
188989
190412
191480
192721
194047
194881
196283
197183
198552
199687
200984
202105
203324
204630
205745
207508
208343
209380
210530
212030
213083
214263
215752
216909
218627
219695
220976
222131
223577
224400
225740
226993
229125
230771
232188
233693
234463
235273
236727
237767
238769
240038
240874
242329
243367
245196
246728
248326
250341
251506
253406
254485
255558
256835
258897
259938
261314
263062
264507
265868
267221
269260
270504
271659
272579
273861
275047
276285
277359
278929
280312
282093
283408
284578
286549
287680
288842
290420
291669
293431
294496
295880
297078
298623
299773
301037
302459
303501
304851
306068
307283
308974
309830
311580
313052
314240
315561
316992
318015
319794
321358
322813
323950
324818
326383
327697
329144
330146
331384
332516
333694
335222
336624
337553
338765
339920
341336
343121
343915
344823
346334
347342
348926
350143
351258
352347
354902
356900
358642
360007
360943
362484
364539
366530
368153
369459
370662
371503
373366
374478
376300
378298
379477
381088
381951
383565
384864
386035
387076
388618
389756
391202
392673
393910
395508
397135
398225
399549
400869
402247
404251
405587
407060
408350
410321
412452
414122
415455
416424
418412
419710
421130
422037
423604
425159
426219
427260
428582
430293
431399
433024
434936
436380
437929
439401
441167
442511
443725
445364
446860
448385
450056
451472
452751
454153
455283
456553
457472
458598
460231
461401
462464
463744
465449
466891
468126
469411
470629
471845
472865
474498
475516
477139
478475
480325
481570
482902
483836
484769
486006
487052
488692
489562
490734
491754
493262
495149
496734
498059
499214
500603
502035
503248
504638
505914
507991
509080
510599
511443
512913
514368
515676
517556
519164
520716
522205
523269
524449
526426
528307
529693
531391
532617
534064
535174
536955
538859
540252
541888
543068
544442
546402
548747
550201
551489
553037
554146
555344
556317
557943
559311
560831
562192
563370
564874
567178
568465
570732
571477
572376
574211
575608
577287
578730
580479
581694
583140
585748
587363
588735
589706
591597
593348
594263
595904
597298
598571
600316
602300
603680
606695
609107
610388
611409
612687
614134
616094
617516
619179
621066
622620
624005
625640
627090
628613
630616
631682
633020
634774
636387
638326
639716
642500
644128
645230
646644
648223
650827
652176
654134
655774
657011
658301
660598
661812
663607
665638
667902
669349
670892
672417
673944
675227
676535
678221
679467
680968
682270
683490
686317
687969
689169
690578
692067
693608
695012
697713
699322
701041
703502
704897
706110
707558
708665
709520
711227
713278
714904
716104
717372
718428
720040
722800
724090
725931
727004
729097
730700
732136
733996
735824
737868
739831
741952
743604
745652
747177
749498
751686
753313
754730
757164
758579
760676
762545
763429
765372
767074
768858
770391
771967
774251
776131
778553
779752
782018
784092
785834
787288
788843
790813
791973
793411
795390
798084
799632
801742
803685
804926
806090
807728
809441
811304
812858
815166
816529
818816
820535
821758
823787
825024
826312
828354
829843
831146
833038
834341
835868
838304
839701
841952
843201
845190
846436
848110
849512
850624
852213
855599
857262
858202
860633
862743
864505
866802
868309
869792
871251
873535
874841
875870
877518
878927
880129
881710
883142
884859
886825
888443
889722
890882
892740
894761
896087
897738
900351
902385
903561
904990
906218
908936
910574
912243
913565
915252
916402
918287
919995
922184
923310
925551
928492
930010
931668
933190
935744
937033
939061
940976
942932
944680
945922
947323
948462
950519
951953
953602
955176
956957
958065
959775
961751
963870
965402
967921
969286
971449
972516
974270
976808
978049
979830
981872
983657
986564
987988
989808
991063
993016
994639
997562
1000480
1002369
1003853
1005589
1007663
1009381
1010849
1013049
1015073
1016397
1017515
1020022
1021960
1024813
1026685
1028621
1031483
1033819
1035725
1037611
1039189
1041221
1043962
1045989
1048105
1049636
1051865
1053788
1055339
1056652
1058055
1059374
1061782
1063669
1066664
1068650
1071952
1073056
1074600
1077729
1080120
1082122
1083848
1085392
1087323
1089421
1091983
1094213
1096380
1098736
1100602
1102559
1104069
1106421
1108328
1110106
1112299
1113935
1115686
1119087
1120844
1122792
1125171
1127082
1129848
1131619
1133638
1135860
1137663
1139298
1141466
1145051
1146911
1148212
1150093
1151438
1152336
1154859
1156980
1158194
1159500
1161431
1162755
1164606
1166187
1167556
1169844
1171185
1173965
1176105
1177867
1179147
1180533
1182283
1185583
1187123
1188712
1190971
1193020
1195645
1197133
1198912
1201333
1202968
1205288
1206533
1208643
1210752
1213320
1215756
1216978
1219111
1220310
1221876
1224017
1225361
1227092
1230129
1232097
1234466
1236533
1239373
1240640
1243138
1244394
1246218
1247749
1249643
1251327
1253384
1255308
1256599
1259020
1260891
1262772
1264466
1266296
1268585
1270074
1272738
1274360
1276450
1278976
1281656
1282850
1284436
1286812
1288217
1290901
1293271
1295375
1297996
1299889
1302334
1303801
1305324
1306690
1308876
1311117
1312497
1315786
1318854
1320691
1322663
1324932
1327705
1330708
1332646
1334425
1336268
1338546
1340192
1344118
1346296
1349137
1350301
1352668
1355227
1357963
1360976
1362555
1366515
1368363
1370062
1372020
1373583
1375480
1378971
1380621
1382991
1384841
1387003
1389645
1392875
1395355
1396452
1398810
1401457
1404243
1405306
1406825
1409125
1411846
1413561
1416086
1417403
1419406
1421694
1423111
1424427
1425641
1427500
1428760
1430872
1432135
1433504
1436075
1438378
1441789
1443636
1446624
1448797
1450790
1452082
1454418
1456891
1460054
1463091
1465449
1467280
1469702
1472513
1473973
1475963
1477613
1479618
1480691
1483504
1486124
1487724
1489831
1492409
1493930
1496693
1500139
1503889
1506063
1507997
1511068
1512616
1515114
1517845
1519825
1521306
1523037
1525506
1527128
1528774
1531571
1532518
1534492
1537217
1539089
1540678
1542580
1544738
1547457
1549000
1550397
1552145
1554495
1556416
1558164
1559714
1561671
1562800
1564652
1567211
1569206
1571447
1573609
1575557
1578046
1579940
1582380
1583713
1585600
1587384
1590177
1591854
1593100
1594426
1595770
1597141
1599505
1601796
1603784
1606321
1607793
1609375
1611695
1613522
1616271
1619047
1621467
1622788
1624543
1626112
1628361
1629699
1631035
1633724
1636393
1638972
1640996
1643378
1646855
1648579
1650426
1653723
1656708
1658214
